8.788554283665824585e+00 -9.475852102257145138e-01 -7.720110330795781906e-01 -1.194089331415926436e+00 -1.019225203430848437e+00 -1.104512982796656662e+00 -8.355630834618368308e-01 -1.002471938432481835e+00 -9.475499862919627425e-01 -9.655455145308268206e-01
-9.475852102257146248e-01 8.859511397514729936e+00 -1.277743024978178710e+00 -8.304175059470362275e-01 -8.278997281069755410e-01 -1.139778726942917819e+00 -8.562959089588388917e-01 -8.814294318170623477e-01 -1.014211391910745386e+00 -1.084150468627224084e+00
-7.720110330795781906e-01 -1.277743024978178710e+00 7.771456854326782349e+00 -3.105923666701669861e-01 -8.369228636553103229e-01 -9.056773814320014937e-01 -1.029097956055351704e+00 -7.328885662028860049e-01 -1.005937852317502212e+00 -9.005858099358095004e-01
-1.194089331415926436e+00 -8.304175059470364495e-01 -3.105923666701665420e-01 8.376954296941855560e+00 -1.168344834240343078e+00 -1.220590924878304229e+00 -8.320313570193766939e-01 -1.083300659218302986e+00 -9.007116647658801600e-01 -8.368756527865151007e-01
-1.019225203430848437e+00 -8.278997281069755410e-01 -8.369228636553103229e-01 -1.168344834240342633e+00 8.725962796748527595e+00 -7.704300036696105636e-01 -1.237523992064506029e+00 -1.124074050356326904e+00 -9.601182850677549840e-01 -7.814238361568552893e-01
-1.104512982796656884e+00 -1.139778726942918041e+00 -9.056773814320012717e-01 -1.220590924878303785e+00 -7.704300036696105636e-01 8.486744474916051217e+00 -5.121266122980393520e-01 -8.295860503614739256e-01 -9.421266145107474177e-01 -1.061915178026305195e+00
-8.355630834618363867e-01 -8.562959089588386696e-01 -1.029097956055351704e+00 -8.320313570193768049e-01 -1.237523992064505807e+00 -5.121266122980397961e-01 8.491797381597015359e+00 -1.183917810686865302e+00 -1.064823666011316394e+00 -9.404169950408906020e-01
-1.002471938432481835e+00 -8.814294318170622367e-01 -7.328885662028860049e-01 -1.083300659218303430e+00 -1.124074050356327348e+00 -8.295860503614739256e-01 -1.183917810686865302e+00 8.868567866124998034e+00 -1.024163744257121866e+00 -1.006735614792482414e+00
-9.475499862919626315e-01 -1.014211391910745164e+00 -1.005937852317502434e+00 -9.007116647658800490e-01 -9.601182850677547620e-01 -9.421266145107474177e-01 -1.064823666011316838e+00 -1.024163744257121422e+00 8.956222391700174867e+00 -1.096579186567145259e+00
-9.655455145308267095e-01 -1.084150468627224306e+00 -9.005858099358088342e-01 -8.368756527865151007e-01 -7.814238361568552893e-01 -1.061915178026305195e+00 -9.404169950408908241e-01 -1.006735614792482858e+00 -1.096579186567144815e+00 8.674228256464056486e+00
